87501
70867
12959
56898
80416
28886
79252
47576
43354
89248
39921
98636
33277
45307
33326
14449
64412
12630
35665
35932
22757
97387
83599
33718
20879
42419
50241
94123
82872
41378
81233
98875
21517
36314
64212
94404
42166
13351
53796
19837
59598
47765
11282
71285
27075
11470
75795
77811
56347
54911
26533
75314
49216
94855
10775
58190
38228
88321
99407
39166
22369
61678
94911
99565
64630
60973
83684
44345
43964
13207
20848
43944
48992
44659
93179
80123
46758
34750
38136
25072
99637
42591
48968
68846
63257
20217
50862
35900
61185
41487
29962
44777
40743
57518
89369
36269
59657
72361
71609
76578
35670
99141
30841
91034
70937
65910
62321
39367
39883
15590
70456
21706
91933
88390
24955
87059
33177
57578
24831
19693
87500
88393
18468
61548
75166
80975
54909
85260
86203
75868
57081
44633
53395
38922
45580
11492
13813
77790
97416
60784
91432
64293
53735
11377
35848
29067
14215
72068
23691
17111
66651
35155
76500
59018
51786
12770
41212
85299
58892
46842
80228
21816
63096
55837
13699
88678
17917
42692
42536
29227
44887
14869
62941
96430
92100
69859
78066
71937
79682
90428
17489
12443
92963
13845
27104
84047
17026
16587
38434
96992
60514
76740
77040
57707
18252
50362
87527
18024
16185
15836
71453
81519
92269
89510
64230
44965
97898
33394
51205
29970
18703
95881
78977
44185
59579
98081
75176
23052
23648
68646
81344
89002
91635
83079
19710
55515
94625
95178
43069
32573
28551
71918
64790
70603
98971
26316
56050
70043
89213
19535
75037
56394
10420
97325
79627
90943
89009
41714
56219
67414
70637
65116
65081
30062
53883
82201
30366
92536
41242
28183
95821
70104
92750
19452
63808
48841
78057
18349
49722
47153
87301
62420
77680
27690
59409
42268
63330
36144
31999
63097
32578
37261
75864
49682
19524
21013
28003
69912
56391
55578
66306
50485
17388
68640
34002
53182
26868
54480
78677
63487
96563
63947
95430
66914
17750
44339
91997
19858
39187
31250
81979
43865
41577
59486
84822
83663
53342
88483
26040
59222
28173
47265
98279
74690
50359
24495
67473
31605
47293
78146
62042
22969
86262
20100
31926
83586
78067
15120
60964
25983
22555
82691
33704
60332
88891
11798
33296
21560
72107
99423
74019
11793
24580
29058
13516
45127
78583
47357
74336
73563
48046
99277
51620
26126
39198
99101
53868
60036
98998
33596
96813
63461
44286
32282
40326
31739
86081
17565
98499
54371
64366
22558
80145
55344
82390
67477
41679
26759
25479
84759
23922
69409
16130
17075
26992
75638
40799
70389
48822
82741
53111
96714
61824
80721
14154
65521
62357
17248
62195
31347
21582
67200
32845
69303
43616
70647
37198
56883
55553
44144
93899
94230
92309
69517
30628
14181
86696
92793
26915
32013
81917
85533
10291
47306
40182
78380
14074
29716
34074
83682
32571
24215
14613
86190
22056
47602
40618
61777
83610
41123
14249
49493
42659
38055
49301
92652
96637
63286
64698
48939
77435
86082
56906
18370
55583
10163
57905
62348
84711
14792
27680
90559
56049
30776
25298
72656
74027
79517
70497
67662
71206
14457
79508
69184
18264
16462
48031
85157
12794
56636
63663
83754
90766
48559
95519
24578
13264
72984
23859
52266
74332
40908
45622
97941
29959
75077
43027
75223
46175
60194
63100
41845
33956
71994
32196
26319
52113
45378
29872
45386
50436
59375
29944
80342
10493
97587
59750
88477
95607
81650
89497
60828
18759
25409
42395
42537
23075
33176
61312
49549
13037
22694
55457
41517
62998
33002
19731
37666
44046
16308
39639
52166
18885
52717
54738
30354
71905
53902
49202
29053
73107
10814
47137
14681
23659
41523
37342
14677
80367
29514
92987
53999
53071
18116
41120
24265
74236
16153
29225
77153
11156
17676
97762
14294
20945
89054
50026
11773
43398
81325
72450
73264
11738
47816
96440
49621
99276
83302
44195
72375
62769
24836
54126
56172
40147
15109
36959
72676
29907
17101
27776
33908
31997
60558
76898
66530
55325
14813
65149
64181
13236
85280
23433
76693
27598
85215
69326
73527
83772
13383
74846
76968
67965
75669
11827
65958
27705
29880
64798
15552
81369
16035
19559
58504
53208
72798
63911
73341
57970
34600
32884
71749
16407
48023
55208
87016
61959
14403
61664
84201
73175
75814
91655
33948
80300
70886
41410
78044
32339
16859
10047
23013
37757
28383
88083
91191
21219
68359
36728
83279
30823
94846
45506
33240
65845
45314
94477
41623
18698
26025
67139
70864
63628
82479
56207
18780
61220
94501
58257
16437
89620
74771
99455
77273
20854
43825
89584
86772
16169
23079
20347
33162
77049
52391
98777
86182
84991
46587
13200
76967
56719
77987
74246
68857
92089
79803
16391
85511
14130
20211
51868
11881
43073
74013
63581
67718
95358
78186
35563
63140
11832
11698
22084
98044
26094
45393
38527
66819
31166
39568
94063
16452
24171
74980
47814
71716
34263
43631
47023
56699
13150
65739
87085
67283
23771
65647
50600
88186
48164
34469
76035
91266
55549
34832
72693
66050
50769
34690
58125
16861
26369
31834
24724
35677
79253
29593
29695
18196
33927
24378
37505
70048
27708
14952
37930
41197
77433
77320
37592
73963
67891
71199
13884
97681
44494
56856
56521
11077
98851
19484
51325
74821
90241
24897
40386
66435
17691
17430
76735
23936
86656
81533
23473
44831
73390
20456
47304
95484
40033
49629
11518
99642
46027
93133
88453
52465
65679
51133
82072
65019
73181
25682
89215
75313
59429
95353
14199
28894
34814
12462
77803
54077
56105
49225
33427
28144
44230
64121
44223
91417
27420
49221
37139
65039
40544
70621
89720
93652
99679
48132
27910
61906
79192
52071
68413
38094
85325
34519
18347
74130
22266
24902
58897
67166
86035
32151
19735
86835
48502
98335
85776
31060
51185
10538
89716
93969
87113
94835
31171
63678
27983
31882
69310
57748
34236
22019
40783
11443
61587
32107
42950
30318
71868
11717
15069
46368
19544
96045
70708
66286
93443
22988
59398
54189
44636
34569
75207
57213
17661
76744
18525
44095
47905
64998
94932
79764
94708
97002
65044
81636
67614
69858
37652
59098
26949
19239
46003
77640
92129
46524
11683
72664
80935
12683
47561
97326
91545
50527
78000
58880
47352
64943
34249
90703
42396
17077
40369
17581
18310
93377
21337
31532
63298
39119
53668
50927
57380
68451
96725
49778
46687
93651
17709
36657
67669
18254
99194
51889
11292
39589
14716
71832
54150
36451
14806
63718
58557
98671
48004
20103