76559
16862
38527
81917
13287
54457
30354
88490
37397
74846
24805
51185
31605
13417
72874
42023
40326
40326
41197
59560
76636
91997
74846
54077
65995
35638
41197
27231
65149
85282
65415
21219
81917
65845
43331
34854
87444
12627
47507
28551
71749
93643
91997
69206
56104
50196
17345
85578
74690
35921
96584
58859
30077
14154
91997
81917
85154
21470
38527
13647
96563
29486
64616
66640
86818
22185
27341
22530
11793
62913
30354
38527
38527
10142
96119
86215
75732
18011
92652
58141
96563
32117
60830
15876
19695
69184
86772
31605
10607
98125
81917
73031
25415
13407
36534
31605
27902
51185
15589
19417
18977
95960
55313
30354
81509
12959
74690
79276
23467
54077
26094
97640
26097
65845
91997
71437
86262
84284
21219
74846
20041
50151
69184
69184
74739
52736
58854
61330
15355
81154
81917
41212
92203
84627
22005
12959
23052
31605
41197
40326
12377
74468
54077
23052
57154
57838
61664
30354
58540
28991
12959
25057
74690
78562
64460
80286
53868
46294
21646
31347
82547
41197
69071
74130
99276
23052
65679
28551
90759
74130
47070
96563
87555
52517
96563
65845
55780
80440
46524
37542
76606
48973
12959
39796
19295
92652
54077
14154
61664
78286
74130
31347
71639
69864
74823
92774
54077
62644
99146
31347
22056
20539
41197
98904
65845
69184
50122
71749
31347
91997
38527
85733
65679
42353
79102
88026
28551
25529
86507
65149
94453
23057
92652
54077
96563
31857
45828
40326
41940
48931
28551
31605
25534
80997
60973
45940
47638
86262
96563
86236
86262
30161
38501
34627
38019
64789
65149
74846
30354
33426
91997
68219
92652
28551
74846
35608
36832
34251
23208
95131
20974
53868
81866
31605
40326
74690
28551
23052
69184
92162
17834
60858
46524
17204
92652
28551
17663
77627
23179
44128
30185
39103
10428
64324
86615
57384
14804
23052
16437
63279
38527
97228
69184
51185
69184
74846
30764
21219
30346
49614
41212
86772
19044
70185
12959
31260
85956
81917
14154
11742
11075
93422
12959
26106
67408
28563
88705
31347
64385
22924
52034
12959
23813
53868
17936
97323
74690
86772
69495
54077
74130
81917
41212
14154
51869
20705
87533
80541
74514
86772
85287
41212
54077
65149
54077
54077
95893
71749
23992
16437
53868
31347
57047
41212
65325
65149
68013
26483
54077
89201
22056
40534
22865
50197
46524
38128
57894
79056
14506
49268
97654
51185
31605
65845
21219
99276
64405
11401
52794
51185
91997
44849
80748
30354
78198
52858
65845
61664
24285
94740
31734
32214
14154
41197
88528
14608
31367
65387
91997
65149
75593
91408
98553
68977
26094
21219
65149
33364
96563
69184
96563
15744
70938
16437
94424
32249
29513
86314
74130
29558
31605
96563
65679
91305
21219
15109
59832
79552
12959
99276
11773
91997
57895
86262
86772
96563
31347
51680
69184
79659
81917
65845
30354
46524
77073
77596
22388
69973
86262
74442
55123
94023
94250
92652
72817
96746
41212
53868
19412
65149
42058
97780
31605
69184
96944
99796
99276
28809
81543
31605
69184
55495
23052
23052
89829
86262
34083
31376
36800
65845
47116
17103
31347
24527
85310
81917
53868
82675
67521
69184
23052
12959
27743
15605
43790
14154
29964
53868
27144
14154
27923
37044
65679
41197
72533
76897
69795
54077
41212
78373
51133
19241
85483
81917
30354
55110
38527
17528
15275
92652
51185
77172
96563
40326
16437
64996
65664
53868
53868
60061
21219
69184
41212
86772
73365
71749
15595
92903
77585
16437
30354
27763
40372
74846
69981
81778
50866
72519
80344
34728
35278
58851
51185
16437
51185
23052
83743
53981
45117
53704
93596
81917
81917
46524
19157
19877
74712
35820
30354
68638
44546
13219
12959
30354
21219
13890
12238
40253
16518
69767
15109
72608
69184
74130
53868
69842
92308
35864
46524
76898
94665
14831
45600
33630
38527
26094
86262
66242
82631
19298
30354
41212
12959
53521
84315
48388
44227
50902
57407
59056
92652
38484
41212
60338
29376
12210
74690
81185
86262
42618
75101
25972
27380
28959
65845
16437
31605
54077
50003
90621
86772
51536
99132
71623
13380
99706
54077
83668
37851
20138
86262
13132
34135
41212
96563
44868
54077
86272
81361
40326
85531
49989
39922
47921
38527
88919
71284
20794
74846
12488
16437
65638
98512
23052
69184
76898
65149
16437
58862
18026
30354
31605
22056
39425
23844
21148
53868
54326
81111
55929
72588
60851
40326
21219
61445
95859
91997
91997
81917
96563
28719
20565
86772
12959
23052
68150
53868
47083
10169
38161
44175
46524
32934
91997
40324
74130
41212
87585
40326
91997
12771
53321
61664
11773
19105
77697
76064
14887
76667
65149
38542
41197
78717
23052
65845
44983
86083
82407
31605
65845
35534
17074
87808
95379
91997
75679
38527
12888
61664
92652
54077
58297
11865
64989
35964
92652
93080
46524
52386
79757
77614
83128
91977
12959
38527
45179
14154
53868
99276
27179
41212
46524
60735
21219
32301
55281
45366
54121
86262
21705
97022
69184
65149
38480
74690
65149
63440
91929
37769
65845
65845
74130
76898
46524
16437
31347
51028
96563
74846
16437
47616
31232
53750
92748
53868
28551
38527
54519
82995
65149
66894
71879
73982
33048
21083
62395
48031
40326
49244
46916
19011
65679
78808
60176
30354
10877
88972
96495
57514
46524
86003
46524
14374
17013
53868
38527
43209
26094
92652
65845
94552
28659
38527
99640
69184
87482
96563
86262
24993
81577
20846
74846
23052
28895
99506
98713
71449
21219
77228
81917
10891
25857
87001
91997
23052
53868
74256
38385
94238
28551
43632
41212
31605
36279
97794
62790
12494
70171
77510
65845
63372
54077
88515
15109
40326
65845
22914
60686
62726
86262
70119
79593
53868
94563
54859
51640
28551
65845
69184
65461
61664
41212
25984
61666
70800
46524
41212
43501
61231
83332
36115
66078
21182
69184
61664
53868
74204
65306
74130
20837
75914
28551
21219
29036
54142
23052
53868
10501
90926
14154
46524
52299
87705
79654
47669
12959
88665
81917
76365
41550
81729
89137
69184
70782
14154
85179
22056
11773
71749
90224
31605
12959
86650
35258
46653
21219
58379
55716
51133
60031
44416
86772
81071
86262
41319
32695
31605
99276
61404
14154
89525
54678
12959
52069
21732
72444
16956
39897
46524
20361
41798
65845
78248
46524
38527
96563
47367
16437
28551
86415
12305
84334
46524
38527
20743
55605
12959
29126
35259
74690
54077
67905
55806
46524
96563
74103
95632
95757
65149
21592